15 689 1
30 692 1
59 651 1
80 682 1
119 456 1
120 529 1
123 562 1
145 501 1
160 564 1
164 991 1
168 403 1
190 690 1
195 610 1
205 499 1
216 614 1
225 897 1
246 633 1
332 542 1
387 673 1
391 697 1
413 516 1
460 601 1
485 582 1
496 809 1
512 596 1
557 716 1
590 629 1
602 899 1
637 862 1
640 953 1
659 885 1
726 898 1
769 936 1
777 911 1
22 163 2
26 780 2
28 481 2
29 427 2
84 338 2
97 428 2
137 702 2
140 761 2
160 403 2
165 669 2
175 990 2
192 555 2
221 990 2
242 696 2
255 813 2
265 641 2
272 532 2
273 597 2
278 674 2
347 606 2
369 460 2
380 471 2
411 806 2
428 999 2
440 543 2
450 718 2
500 678 2
501 505 2
501 762 2
514 688 2
516 888 2
546 953 2
561 762 2
573 778 2
603 648 2
677 710 2
699 930 2
715 890 2
758 934 2
6 849 3
14 592 3
18 580 3
30 131 3
31 598 3
61 357 3
81 461 3
124 503 3
134 406 3
180 260 3
196 768 3
208 322 3
261 585 3
299 606 3
314 674 3
392 592 3
415 732 3
434 453 3
448 644 3
454 773 3
465 651 3
483 846 3
526 912 3
528 611 3
547 825 3
549 586 3
686 744 3
806 970 3
828 833 3
845 963 3
5 329 4
11 155 4
41 808 4
58 914 4
68 292 4
70 581 4
77 524 4
101 538 4
105 649 4
144 802 4
155 682 4
155 856 4
158 960 4
172 660 4
185 454 4
204 442 4
238 842 4
253 672 4
259 745 4
266 582 4
282 328 4
305 758 4
308 969 4
310 979 4
311 967 4
379 947 4
398 459 4
461 468 4
525 736 4
539 844 4
563 968 4
594 920 4
639 694 4
653 772 4
817 836 4
888 996 4
23 49 5
75 338 5
78 456 5
124 820 5
145 833 5
148 376 5
150 776 5
159 201 5
159 982 5
192 872 5
194 380 5
223 343 5
227 444 5
247 425 5
262 424 5
266 877 5
274 339 5
282 794 5
314 846 5
325 625 5
327 991 5
347 378 5
348 766 5
361 373 5
380 592 5
385 450 5
394 623 5
401 943 5
429 915 5
444 930 5
460 854 5
462 920 5
480 889 5
526 657 5
545 695 5
569 586 5
588 954 5
656 937 5
686 916 5
691 971 5
710 840 5
722 963 5
746 870 5
754 876 5
901 919 5
904 965 5
927 998 5
4 668 6
12 370 6
12 722 6
34 922 6
52 122 6
62 798 6
78 528 6
82 291 6
87 987 6
96 205 6
96 502 6
114 374 6
115 838 6
116 929 6
132 562 6
139 851 6
145 987 6
168 473 6
180 787 6
206 887 6
211 264 6
288 571 6
297 635 6
316 800 6
341 422 6
356 444 6
363 438 6
393 782 6
402 504 6
457 644 6
467 714 6
495 576 6
520 559 6
531 588 6
537 555 6
551 627 6
573 920 6
624 859 6
647 669 6
665 908 6
699 953 6
716 761 6
740 769 6
800 811 6
864 917 6
866 894 6
11 506 7
11 911 7
63 218 7
63 259 7
68 632 7
86 349 7
113 522 7
114 845 7
125 606 7
186 439 7
211 550 7
275 514 7
301 746 7
311 468 7
312 962 7
316 885 7
319 801 7
332 756 7
336 490 7
356 938 7
388 950 7
397 682 7
429 615 7
481 842 7
503 693 7
529 822 7
531 537 7
598 660 7
608 873 7
617 728 7
642 859 7
666 798 7
669 989 7
735 762 7
770 781 7
822 883 7
1 2 8
2 595 8
24 660 8
50 102 8
52 399 8
108 817 8
132 827 8
133 915 8
151 302 8
164 752 8
226 992 8
241 764 8
249 885 8
250 913 8
254 956 8
285 709 8
291 383 8
303 786 8
328 583 8
341 780 8
367 518 8
372 466 8
423 690 8
436 573 8
439 645 8
457 743 8
475 763 8
475 942 8
476 837 8
534 850 8
553 677 8
621 653 8
626 958 8
634 807 8
761 969 8
835 895 8
14 688 9
16 84 9
22 345 9
38 415 9
64 406 9
70 692 9
76 821 9
92 206 9
98 338 9
102 174 9
118 564 9
124 623 9
166 587 9
213 701 9
217 237 9
218 870 9
231 535 9
234 992 9
235 356 9
298 349 9
318 352 9
322 720 9
362 655 9
365 496 9
411 817 9
414 612 9
452 527 9
468 613 9
470 472 9
498 846 9
515 645 9
542 598 9
543 552 9
613 972 9
620 884 9
623 961 9
643 830 9
650 779 9
724 930 9
762 780 9
841 884 9
0 714 10
7 946 10
11 487 10
17 45 10
22 43 10
25 360 10
42 286 10
44 535 10
45 945 10
59 388 10
95 432 10
109 658 10
111 184 10
114 698 10
126 281 10
129 338 10
139 482 10
160 301 10
165 694 10
169 477 10
179 197 10
179 886 10
184 622 10
214 963 10
220 415 10
226 547 10
227 862 10
227 881 10
231 333 10
240 660 10
244 795 10
265 633 10
270 508 10
333 750 10
334 931 10
377 724 10
435 555 10
440 519 10
489 844 10
522 578 10
554 922 10
571 967 10
590 978 10
607 726 10
623 760 10
695 720 10
14 921 11
55 114 11
64 799 11
80 836 11
104 314 11
147 207 11
151 477 11
162 198 11
183 639 11
187 355 11
192 406 11
207 519 11
227 721 11
255 775 11
256 510 11
283 700 11
300 601 11
404 776 11
407 727 11
424 553 11
446 652 11
461 521 11
472 485 11
515 817 11
541 736 11
562 688 11
663 936 11
676 749 11
726 883 11
830 974 11
861 983 11
869 958 11
972 987 11
25 803 12
52 653 12
80 182 12
83 152 12
84 565 12
90 738 12
97 208 12
99 924 12
108 895 12
123 552 12
141 163 12
144 258 12
147 285 12
192 243 12
193 601 12
200 846 12
218 729 12
243 292 12
251 719 12
257 560 12
258 266 12
260 279 12
266 465 12
284 450 12
285 502 12
310 946 12
331 990 12
332 629 12
340 526 12
345 828 12
346 617 12
371 996 12
376 836 12
396 944 12
485 797 12
528 938 12
538 578 12
550 869 12
594 652 12
675 835 12
12 744 13
20 809 13
33 888 13
42 64 13
52 395 13
57 655 13
102 477 13
109 662 13
114 569 13
138 363 13
191 555 13
214 707 13
220 299 13
223 252 13
231 538 13
252 832 13
260 760 13
264 749 13
318 691 13
342 897 13
343 459 13
344 686 13
396 706 13
402 577 13
414 679 13
447 778 13
462 560 13
479 724 13
482 604 13
563 595 13
570 979 13
572 810 13
590 752 13
635 693 13
676 982 13
684 795 13
745 871 13
16 588 14
26 503 14
29 285 14
38 339 14
54 122 14
78 795 14
99 867 14
102 414 14
107 881 14
115 478 14
130 549 14
138 392 14
142 903 14
150 869 14
155 853 14
157 494 14
187 907 14
191 889 14
204 913 14
212 708 14
218 680 14
235 932 14
276 387 14
278 360 14
297 889 14
312 977 14
318 548 14
336 852 14
355 604 14
362 461 14
365 577 14
377 616 14
384 496 14
404 588 14
413 809 14
437 795 14
443 885 14
444 642 14
450 553 14
507 930 14
543 917 14
557 573 14
578 957 14
596 699 14
604 849 14
637 689 14
641 848 14
649 698 14
720 853 14
721 929 14
792 807 14
809 995 14
813 866 14
826 925 14
848 887 14
14 588 15
18 103 15
19 624 15
22 599 15
29 420 15
46 200 15
46 480 15
57 785 15
91 486 15
99 319 15
101 217 15
108 961 15
110 778 15
117 987 15
119 448 15
121 808 15
122 716 15
131 256 15
140 398 15
141 572 15
142 573 15
143 678 15
158 333 15
175 641 15
179 335 15
191 388 15
224 532 15
232 654 15
235 889 15
240 547 15
247 358 15
260 822 15
271 931 15
319 972 15
336 756 15
360 656 15
377 756 15
405 838 15
412 780 15
415 942 15
418 923 15
454 914 15
606 737 15
608 880 15
635 913 15
640 887 15
645 926 15
678 856 15
707 723 15
864 997 15
52 820 16
58 809 16
61 564 16
65 148 16
79 449 16
79 709 16
90 410 16
94 148 16
100 937 16
122 423 16
156 173 16
166 382 16
179 834 16
200 263 16
225 397 16
302 522 16
321 836 16
342 730 16
344 500 16
351 809 16
354 923 16
369 728 16
400 950 16
469 972 16
476 700 16
563 622 16
611 615 16
686 816 16
747 964 16
917 918 16
7 811 17
25 38 17
58 908 17
62 990 17
67 213 17
70 759 17
72 546 17
102 832 17
167 419 17
170 539 17
172 789 17
178 963 17
240 481 17
280 748 17
307 943 17
332 405 17
336 432 17
356 670 17
396 425 17
457 966 17
469 715 17
482 890 17
488 642 17
650 674 17
679 814 17
697 940 17
704 720 17
727 772 17
737 933 17
925 969 17
17 569 18
30 186 18
41 143 18
67 511 18
68 103 18
74 491 18
142 585 18
204 473 18
207 425 18
209 823 18
229 622 18
245 254 18
247 671 18
330 457 18
378 681 18
379 641 18
413 705 18
418 713 18
421 763 18
463 856 18
470 669 18
491 608 18
566 618 18
636 643 18
639 824 18
657 681 18
740 994 18
780 876 18
8 960 19
55 136 19
66 246 19
88 147 19
91 992 19
118 328 19
162 482 19
189 340 19
192 995 19
195 467 19
203 925 19
215 861 19
227 974 19
248 658 19
251 353 19
264 295 19
285 335 19
287 616 19
346 687 19
349 614 19
366 378 19
426 739 19
460 750 19
462 511 19
493 726 19
507 563 19
536 728 19
679 863 19
724 753 19
761 884 19
855 922 19
857 904 19
78 936 20
99 334 20
110 742 20
137 155 20
202 339 20
244 329 20
253 772 20
283 713 20
298 622 20
324 640 20
369 431 20
371 980 20
372 457 20
397 513 20
479 492 20
568 633 20
683 881 20
738 926 20
765 916 20
28 603 21
30 373 21
77 725 21
77 917 21
112 373 21
150 739 21
167 922 21
188 396 21
239 316 21
243 441 21
286 805 21
294 943 21
321 718 21
323 688 21
419 758 21
422 497 21
423 567 21
445 598 21
453 579 21
575 911 21
672 767 21
734 943 21
770 948 21
775 814 21
788 925 21
864 880 21
896 898 21
2 993 22
28 401 22
40 72 22
49 862 22
65 602 22
69 872 22
81 433 22
93 827 22
157 252 22
158 790 22
196 721 22
230 292 22
233 651 22
249 720 22
268 520 22
296 480 22
309 859 22
354 448 22
375 866 22
390 645 22
425 935 22
428 959 22
455 610 22
458 777 22
544 771 22
638 869 22
796 800 22
47 674 23
53 616 23
106 792 23
124 860 23
128 165 23
147 149 23
202 696 23
219 695 23
263 964 23
305 847 23
337 455 23
359 951 23
368 562 23
382 784 23
396 831 23
416 969 23
444 758 23
593 819 23
708 860 23
793 990 23
51 573 24
56 739 24
57 610 24
74 293 24
85 832 24
86 821 24
190 948 24
236 595 24
257 741 24
284 893 24
341 782 24
412 807 24
495 897 24
497 951 24
546 658 24
615 774 24
707 998 24
785 941 24
804 817 24
32 922 25
39 784 25
76 712 25
135 242 25
156 316 25
163 879 25
168 619 25
189 523 25
201 352 25
312 678 25
323 668 25
489 798 25
505 627 25
525 549 25
532 660 25
622 654 25
649 755 25
39 995 26
73 593 26
153 509 26
241 790 26
243 566 26
313 794 26
338 452 26
381 796 26
591 793 26
771 864 26
811 850 26
823 866 26
892 920 26
981 997 26
3 24 27
17 409 27
27 504 27
48 564 27
83 103 27
158 326 27
164 829 27
176 492 27
179 353 27
181 782 27
254 940 27
273 907 27
280 879 27
317 764 27
9 503 28
35 49 28
122 303 28
186 882 28
225 509 28
272 291 28
289 396 28
306 496 28
389 827 28
391 719 28
524 533 28
706 939 28
906 985 28
6 818 29
13 624 29
43 783 29
101 161 29
115 267 29
127 444 29
186 868 29
315 950 29
387 867 29
135 484 30
142 975 30
229 290 30
36 145 31
70 815 31
197 589 31
202 858 31
210 426 31
215 287 31
490 910 31
711 957 31
754 906 31
853 878 31
17 891 32
209 791 32
543 843 32
568 600 32
928 949 32
222 853 33
304 692 33
430 662 33
579 752 33
57 325 34
163 609 34
270 753 34
277 839 34
292 928 34
366 909 34
540 857 34
593 793 34
667 948 34
683 984 34
684 904 34
976 983 34
177 179 35
190 386 35
320 811 35
354 988 35
438 952 35
15 464 36
21 192 36
154 900 36
171 833 36
239 839 36
59 417 37
89 650 37
146 301 37
228 475 37
794 973 37
284 530 38
154 765 39
231 605 39
364 406 39
697 919 39
329 628 40
10 432 41
71 240 41
269 973 41
115 474 42
325 865 42
350 586 42
556 883 42
632 955 42
646 813 42
236 902 44
520 618 44
356 766 45
12 631 46
199 766 46
284 518 46
731 969 46
408 616 47
126 927 48
268 703 48
409 558 48
676 986 48
36 574 49
630 872 49
93 717 50
174 661 52
318 812 52
60 69 54
664 894 54
873 875 54
737 751 55
159 905 56
874 999 57
157 451 59
272 517 62
757 800 65
480 584 66
37 224 67
61 733 74
569 685 101
