54 80 1
69 176 1
99 134 1
103 123 1
104 141 1
1 59 2
12 137 2
25 114 2
27 29 2
27 195 2
33 199 2
54 170 2
111 143 2
116 119 2
20 199 3
31 104 3
48 141 3
85 113 3
86 152 3
95 174 3
25 47 4
25 101 4
39 76 4
49 137 4
77 152 4
124 133 4
17 195 5
24 121 5
30 159 5
37 95 5
55 79 5
64 155 5
88 100 5
5 23 6
19 23 6
42 82 6
47 112 6
48 112 6
68 144 6
84 120 6
154 168 6
8 112 7
9 193 7
13 19 7
21 113 7
39 136 7
41 65 7
45 106 7
72 123 7
77 156 7
142 152 7
146 199 7
158 185 7
32 45 8
45 177 8
66 163 8
87 91 8
91 100 8
99 155 8
114 193 8
138 186 8
139 185 8
16 135 9
69 70 9
78 175 9
82 118 9
95 101 9
125 187 9
17 66 10
40 156 10
48 52 10
93 148 10
119 172 10
149 157 10
163 181 10
12 177 11
20 60 11
100 171 11
112 154 11
132 161 11
153 192 11
187 188 11
80 109 12
118 136 12
134 192 12
11 56 13
20 79 13
41 92 13
61 168 13
61 194 13
80 154 13
144 145 13
3 194 14
89 91 14
110 198 14
1 61 15
10 117 15
34 192 15
43 109 15
71 134 15
110 152 15
14 141 16
22 49 16
27 91 16
59 148 16
72 151 16
114 179 16
121 140 16
127 156 16
10 36 17
12 87 17
30 142 17
65 70 17
71 89 17
78 183 17
83 119 17
108 148 17
5 132 18
86 133 18
86 189 18
126 181 18
0 108 19
8 91 19
18 172 19
50 80 19
69 182 19
70 157 19
95 175 19
96 145 19
121 155 19
128 164 19
31 102 20
75 92 20
80 172 20
105 194 20
116 149 20
7 56 21
33 42 21
34 53 21
37 147 21
109 166 21
112 198 21
114 158 21
167 178 21
13 117 22
20 144 22
35 150 22
36 115 22
42 187 22
48 82 22
53 190 22
85 167 22
15 177 23
25 180 23
69 85 23
83 103 23
135 171 23
2 8 24
35 173 24
42 143 24
115 188 24
16 196 25
22 84 25
164 165 25
60 62 26
8 58 27
41 67 27
162 194 27
164 180 27
166 191 27
98 100 28
51 196 29
55 138 29
67 94 29
7 127 30
44 51 30
107 129 30
132 169 30
90 114 31
106 160 31
16 131 32
29 46 32
61 63 32
13 28 33
81 184 33
2 74 34
6 135 34
81 163 34
91 173 34
106 130 35
81 97 36
4 133 37
73 76 38
122 183 38
58 107 39
14 38 40
57 81 46
26 144 51
4 197 54
