3 2205 1
6 396 1
22 983 1
23 517 1
40 1079 1
43 928 1
69 413 1
79 1330 1
83 2361 1
84 1199 1
96 2129 1
98 617 1
102 2349 1
105 1287 1
106 456 1
117 1559 1
127 1152 1
137 1705 1
139 898 1
141 271 1
149 1032 1
172 1471 1
183 2019 1
185 855 1
240 1846 1
257 1318 1
279 340 1
284 1550 1
286 972 1
306 1645 1
311 2305 1
313 1198 1
343 2481 1
372 2011 1
376 797 1
377 1076 1
377 1835 1
383 2425 1
417 1243 1
419 2073 1
425 1545 1
427 995 1
459 1655 1
468 561 1
468 697 1
511 943 1
512 549 1
520 765 1
529 1004 1
586 1152 1
611 1504 1
618 918 1
623 1404 1
629 2365 1
647 668 1
654 1010 1
665 2066 1
674 1130 1
684 1807 1
702 2424 1
704 1472 1
717 813 1
736 1789 1
752 2257 1
782 1946 1
785 2119 1
802 1570 1
812 2176 1
873 2202 1
880 1801 1
891 1892 1
894 1261 1
903 1356 1
903 2311 1
904 1979 1
921 1191 1
932 1191 1
953 2379 1
954 2136 1
966 1009 1
972 1172 1
972 1468 1
976 1356 1
984 2226 1
991 1242 1
1012 1168 1
1053 2194 1
1064 2127 1
1065 1669 1
1065 1930 1
1068 1892 1
1092 1360 1
1133 1385 1
1133 1971 1
1140 2073 1
1164 1804 1
1180 2070 1
1269 1517 1
1279 2279 1
1291 2102 1
1302 2455 1
1311 2170 1
1337 1398 1
1351 1630 1
1351 2473 1
1374 2173 1
1375 2190 1
1396 1633 1
1513 2158 1
1524 1699 1
1536 2325 1
1576 1912 1
1599 1796 1
1626 2301 1
1667 1738 1
1695 2398 1
1726 2190 1
1755 1783 1
1807 2127 1
1825 1885 1
1826 2228 1
1882 2257 1
1884 2027 1
1899 1914 1
1912 2241 1
1943 2222 1
1972 2107 1
2036 2393 1
2135 2394 1
2137 2282 1
2149 2189 1
0 1813 2
9 402 2
10 2238 2
15 143 2
34 903 2
47 2119 2
59 1730 2
66 663 2
67 2192 2
72 165 2
80 2243 2
86 1797 2
111 1453 2
111 1992 2
122 1254 2
139 276 2
146 1345 2
148 1713 2
160 908 2
160 2154 2
160 2248 2
178 1833 2
195 1872 2
219 2039 2
226 1571 2
226 2065 2
228 478 2
244 913 2
249 2310 2
250 1595 2
305 2013 2
312 1948 2
315 2264 2
316 1650 2
317 1056 2
358 1227 2
365 1121 2
368 1040 2
411 1802 2
418 758 2
433 922 2
445 982 2
462 1967 2
485 2290 2
493 1821 2
500 2102 2
522 1143 2
529 2403 2
546 566 2
589 1617 2
640 1265 2
668 1257 2
703 809 2
718 1649 2
724 882 2
726 1465 2
781 1350 2
782 2388 2
814 1157 2
817 1162 2
853 1730 2
864 2420 2
912 1296 2
921 1045 2
951 2404 2
1018 1814 2
1037 1141 2
1041 1211 2
1041 1346 2
1056 2375 2
1101 2377 2
1134 1565 2
1143 2221 2
1154 1621 2
1155 1604 2
1165 2088 2
1185 2005 2
1197 1555 2
1209 1294 2
1216 1837 2
1233 1983 2
1255 1600 2
1269 1342 2
1277 2227 2
1285 1391 2
1317 2323 2
1317 2447 2
1341 2486 2
1348 1513 2
1397 2126 2
1424 1607 2
1427 2385 2
1529 1785 2
1563 2196 2
1577 2290 2
1612 1681 2
1670 1892 2
1744 1912 2
1745 2337 2
1777 1798 2
1989 2350 2
2041 2334 2
2242 2332 2
44 1113 3
58 2034 3
76 158 3
145 712 3
169 1751 3
174 1247 3
178 527 3
191 1082 3
192 462 3
200 1162 3
205 1275 3
212 1003 3
237 347 3
279 847 3
283 1275 3
284 402 3
297 782 3
307 1910 3
333 2054 3
335 494 3
349 1337 3
352 819 3
356 2087 3
368 1499 3
389 1970 3
410 1362 3
414 1133 3
431 849 3
432 1287 3
436 1140 3
454 1332 3
455 1828 3
474 2179 3
494 1192 3
507 1897 3
510 1640 3
527 760 3
531 2433 3
551 632 3
560 605 3
588 2342 3
603 1970 3
641 2284 3
649 1401 3
683 1469 3
684 2495 3
716 722 3
721 768 3
742 2048 3
749 1856 3
840 2109 3
862 1303 3
873 2008 3
903 1358 3
939 1034 3
1033 1219 3
1101 2454 3
1145 1385 3
1240 2008 3
1251 2305 3
1271 1743 3
1276 2416 3
1280 1335 3
1312 1633 3
1312 1990 3
1336 2099 3
1358 2292 3
1371 2181 3
1371 2461 3
1378 2033 3
1429 1897 3
1436 2024 3
1472 1951 3
1534 2036 3
1541 2414 3
1582 2095 3
1691 2476 3
1827 2163 3
1849 2470 3
2010 2242 3
2010 2312 3
2065 2450 3
2103 2487 3
2204 2430 3
15 1186 4
22 127 4
26 1291 4
45 1084 4
50 393 4
80 109 4
85 2130 4
92 1473 4
95 1469 4
99 309 4
127 241 4
136 2227 4
147 2432 4
157 2275 4
170 1889 4
178 2222 4
189 1066 4
213 315 4
217 2189 4
218 591 4
228 431 4
283 699 4
287 2491 4
291 2020 4
307 1745 4
310 1896 4
337 928 4
339 1742 4
340 2441 4
364 2153 4
370 512 4
386 522 4
419 1264 4
452 749 4
484 535 4
495 1613 4
520 1919 4
549 836 4
581 1751 4
589 1710 4
625 1263 4
626 633 4
642 2232 4
684 902 4
694 1348 4
708 1374 4
718 1243 4
793 1837 4
829 926 4
881 972 4
885 989 4
892 2208 4
912 2238 4
930 1623 4
972 1874 4
977 2454 4
996 1592 4
1005 2190 4
1054 1995 4
1054 2356 4
1058 1271 4
1073 2358 4
1074 2241 4
1075 1618 4
1090 1204 4
1099 1993 4
1109 1688 4
1118 1632 4
1169 2154 4
1312 1872 4
1315 1818 4
1345 1733 4
1383 2430 4
1384 1399 4
1426 1700 4
1448 1820 4
1469 1947 4
1472 2025 4
1475 1772 4
1546 2316 4
1585 2298 4
1603 1709 4
1623 2278 4
1631 1674 4
1642 2483 4
1673 1873 4
1750 2412 4
1877 1892 4
1888 2342 4
1895 2227 4
1950 2398 4
1960 2220 4
2035 2046 4
2177 2224 4
2246 2415 4
2 41 5
2 1344 5
7 2425 5
13 2371 5
32 791 5
40 1078 5
55 2279 5
62 1194 5
70 241 5
72 1725 5
74 817 5
75 2354 5
78 2172 5
81 1281 5
91 635 5
128 1427 5
137 952 5
142 933 5
144 325 5
156 1341 5
166 2193 5
180 379 5
183 720 5
185 480 5
210 2303 5
211 823 5
214 296 5
238 1160 5
280 1203 5
294 936 5
317 2046 5
349 2461 5
366 676 5
393 1276 5
395 2209 5
401 2033 5
410 1114 5
447 2357 5
450 1559 5
459 2465 5
470 2165 5
486 1229 5
488 1280 5
496 2332 5
550 2449 5
568 818 5
585 1761 5
598 2074 5
616 1056 5
655 1186 5
680 1892 5
704 716 5
748 1986 5
754 1089 5
766 2082 5
783 2358 5
808 982 5
822 955 5
822 1143 5
829 1921 5
834 889 5
877 1214 5
890 2050 5
962 1474 5
988 1173 5
1020 1854 5
1025 1781 5
1045 1683 5
1066 2447 5
1083 1847 5
1117 1935 5
1127 2177 5
1168 2426 5
1169 1221 5
1188 2461 5
1205 2283 5
1235 1372 5
1335 1576 5
1362 1504 5
1366 2279 5
1370 1520 5
1413 1587 5
1446 2296 5
1480 1745 5
1512 1653 5
1554 2452 5
1664 1972 5
1689 2028 5
1692 2081 5
1713 2058 5
1733 2481 5
1786 1828 5
1807 2320 5
1809 2023 5
1831 2480 5
1839 1869 5
1918 2162 5
1936 1940 5
1986 2075 5
2031 2227 5
2066 2318 5
2115 2118 5
2173 2195 5
2178 2183 5
2206 2395 5
2252 2322 5
1 1544 6
2 924 6
10 415 6
16 1913 6
51 2485 6
72 1666 6
74 1739 6
102 784 6
117 1828 6
159 606 6
163 1810 6
181 2370 6
197 1904 6
199 1860 6
209 1150 6
221 1694 6
227 1829 6
243 281 6
267 354 6
268 1712 6
284 2081 6
286 2262 6
302 960 6
312 1103 6
335 682 6
362 1833 6
363 912 6
363 2082 6
371 1273 6
381 2488 6
403 911 6
406 1346 6
407 773 6
449 2222 6
454 1620 6
459 2380 6
471 1755 6
474 1919 6
476 1241 6
476 1932 6
503 529 6
521 779 6
535 1581 6
542 567 6
580 1248 6
627 2419 6
632 1561 6
634 2300 6
637 2498 6
641 1405 6
641 1659 6
647 2030 6
686 2369 6
686 2421 6
756 2140 6
764 1385 6
773 2352 6
791 2447 6
795 1010 6
807 2406 6
847 1885 6
865 1862 6
865 2426 6
877 1266 6
898 2086 6
933 1980 6
942 1920 6
965 2325 6
977 2491 6
1028 1938 6
1054 1370 6
1092 1821 6
1111 1482 6
1137 1252 6
1159 1585 6
1212 1636 6
1226 2384 6
1245 1593 6
1256 1619 6
1280 1401 6
1300 1934 6
1318 2293 6
1352 2254 6
1370 2493 6
1414 2445 6
1418 1550 6
1438 2035 6
1460 1476 6
1522 1542 6
1530 1950 6
1565 1869 6
1577 1781 6
1579 1586 6
1580 1634 6
1591 2287 6
1623 2436 6
1679 1811 6
1700 1727 6
1833 1926 6
1886 1895 6
1957 2372 6
2044 2234 6
17 1160 7
28 2270 7
35 613 7
41 105 7
60 2131 7
67 2402 7
68 1647 7
74 261 7
76 1414 7
78 1213 7
104 1708 7
121 1261 7
121 1968 7
175 1027 7
214 2298 7
219 2334 7
231 1974 7
240 467 7
246 1006 7
268 500 7
282 2331 7
307 737 7
309 924 7
324 485 7
356 1297 7
366 1816 7
378 1332 7
383 867 7
406 1961 7
410 748 7
423 1231 7
445 703 7
528 1736 7
545 594 7
563 1406 7
578 1271 7
596 1766 7
596 2359 7
621 1856 7
650 1950 7
668 1086 7
668 1948 7
672 1004 7
698 808 7
705 1930 7
712 974 7
741 2475 7
742 1327 7
802 1279 7
809 2331 7
810 2011 7
839 975 7
866 1907 7
890 2252 7
892 1896 7
898 1933 7
935 1160 7
943 1862 7
956 1539 7
985 2437 7
990 1147 7
1013 2015 7
1015 1149 7
1018 1066 7
1037 1324 7
1045 1777 7
1092 2379 7
1093 1698 7
1116 2493 7
1123 1594 7
1146 1324 7
1166 2453 7
1173 1416 7
1196 2091 7
1199 1911 7
1201 1862 7
1271 2206 7
1282 1960 7
1311 1532 7
1330 1368 7
1360 1403 7
1389 1867 7
1561 1754 7
1570 1620 7
1590 2107 7
1691 2334 7
1771 1857 7
1788 1876 7
1805 2329 7
1882 1905 7
1883 2083 7
1923 2452 7
2042 2434 7
2070 2328 7
2094 2449 7
2298 2499 7
5 596 8
12 1480 8
31 1989 8
60 1872 8
73 851 8
74 1535 8
97 290 8
105 2035 8
129 2266 8
134 2105 8
141 2020 8
149 2090 8
153 443 8
164 2179 8
186 2108 8
202 1136 8
224 1438 8
249 1554 8
279 429 8
282 1588 8
285 1389 8
305 376 8
305 1730 8
372 1217 8
377 1241 8
402 427 8
403 1323 8
423 649 8
423 2416 8
427 2023 8
430 1712 8
434 2373 8
442 571 8
448 489 8
458 1669 8
462 2060 8
474 1385 8
499 717 8
510 1796 8
519 1505 8
527 2405 8
545 1843 8
548 2287 8
570 2234 8
572 1387 8
591 1129 8
591 1864 8
604 1280 8
617 2450 8
651 1502 8
666 1517 8
671 1706 8
685 830 8
686 830 8
702 706 8
721 1721 8
722 1790 8
745 1114 8
759 1752 8
772 2301 8
779 1150 8
834 1153 8
883 1386 8
891 1696 8
903 2194 8
916 2425 8
937 2297 8
979 1307 8
993 2262 8
1024 1958 8
1111 1534 8
1125 2391 8
1136 1149 8
1160 1365 8
1168 1498 8
1180 1304 8
1202 2105 8
1218 2302 8
1231 2276 8
1256 1629 8
1382 1634 8
1469 1648 8
1504 2319 8
1636 2399 8
1712 2438 8
1715 2168 8
1742 2290 8
1755 2234 8
1807 1964 8
1860 2036 8
1866 2009 8
1920 2121 8
1940 2467 8
1980 1983 8
1982 2046 8
2038 2417 8
2126 2470 8
2211 2260 8
2246 2420 8
2248 2407 8
25 2104 9
32 1428 9
35 1048 9
69 555 9
75 966 9
78 2457 9
92 833 9
107 1796 9
133 1456 9
144 1178 9
161 399 9
163 1985 9
164 1811 9
173 1575 9
181 874 9
194 1044 9
196 746 9
239 549 9
241 2192 9
247 1138 9
279 1779 9
281 2022 9
309 725 9
312 637 9
317 2499 9
330 685 9
333 638 9
333 860 9
371 510 9
372 538 9
373 2366 9
376 1572 9
383 2116 9
406 560 9
419 553 9
419 743 9
427 597 9
433 1832 9
444 1213 9
453 1681 9
459 957 9
485 1449 9
499 1071 9
524 745 9
525 2289 9
556 2360 9
559 1201 9
560 1456 9
573 968 9
595 1126 9
601 1609 9
602 1703 9
650 2164 9
673 2187 9
690 1268 9
698 2409 9
721 1170 9
726 1046 9
726 1952 9
810 1223 9
814 1378 9
859 2396 9
868 958 9
871 1657 9
883 1356 9
961 1728 9
965 1912 9
979 1942 9
1021 1300 9
1029 1511 9
1052 1195 9
1067 1895 9
1070 1566 9
1090 1497 9
1096 2288 9
1097 1389 9
1100 1108 9
1144 1540 9
1186 1436 9
1283 1752 9
1314 1759 9
1322 2272 9
1336 1842 9
1360 2265 9
1372 1401 9
1387 1897 9
1399 1822 9
1495 1648 9
1505 1942 9
1538 1608 9
1565 1836 9
1650 1680 9
1696 2015 9
1770 2363 9
1836 2125 9
1848 1881 9
1861 2126 9
1864 1974 9
1883 2208 9
1888 2086 9
1916 2386 9
1917 2373 9
1947 2250 9
1955 2173 9
1962 2061 9
2089 2142 9
2151 2313 9
2169 2287 9
2193 2408 9
18 674 10
35 1973 10
58 553 10
77 2336 10
88 1239 10
94 1575 10
97 392 10
101 990 10
101 2391 10
119 1233 10
120 1707 10
138 194 10
152 593 10
156 573 10
215 2393 10
229 832 10
274 1968 10
276 456 10
284 340 10
295 1747 10
307 1709 10
307 2287 10
314 2037 10
347 2036 10
352 2094 10
354 602 10
368 772 10
402 663 10
402 2296 10
405 1078 10
411 1191 10
413 1091 10
420 1380 10
421 1292 10
422 889 10
436 1315 10
436 2400 10
451 811 10
455 1031 10
459 2399 10
463 841 10
483 1986 10
496 630 10
508 1126 10
517 1392 10
533 1973 10
539 1490 10
544 745 10
562 626 10
585 1256 10
592 1103 10
624 1050 10
648 2154 10
649 1938 10
675 2475 10
679 1999 10
697 2193 10
716 1187 10
728 1785 10
747 954 10
750 1871 10
756 2498 10
767 988 10
789 1411 10
795 2390 10
799 1198 10
815 1970 10
841 2405 10
870 1213 10
911 2244 10
920 1478 10
929 1693 10
933 2065 10
938 2096 10
951 1278 10
970 2120 10
997 1343 10
1008 1648 10
1023 1581 10
1040 1574 10
1059 1600 10
1096 1689 10
1096 1724 10
1145 2030 10
1179 2211 10
1225 1976 10
1249 2330 10
1253 2064 10
1287 1463 10
1346 2065 10
1361 1475 10
1364 2078 10
1368 1715 10
1372 2112 10
1395 1398 10
1405 2131 10
1540 1836 10
1589 1642 10
1615 2061 10
1691 2434 10
1716 1781 10
1749 2082 10
1763 2340 10
1818 2498 10
1864 2315 10
1894 2300 10
1967 2065 10
2033 2298 10
2077 2292 10
2083 2429 10
2188 2198 10
24 1915 11
27 135 11
44 457 11
46 823 11
46 1735 11
51 880 11
56 917 11
58 1612 11
96 2202 11
105 2180 11
114 1832 11
124 806 11
126 1603 11
149 1269 11
156 1892 11
178 1588 11
193 2335 11
204 1177 11
221 2468 11
229 790 11
234 1260 11
237 1949 11
251 1741 11
316 2393 11
330 995 11
354 580 11
356 1065 11
360 1014 11
360 1190 11
371 1090 11
389 1141 11
402 2427 11
409 668 11
468 950 11
469 650 11
469 1986 11
475 896 11
475 1400 11
515 2197 11
544 546 11
551 2062 11
559 1140 11
607 1192 11
612 2078 11
614 1234 11
627 2375 11
685 2079 11
686 1372 11
696 1156 11
703 1410 11
705 1537 11
718 1260 11
744 1206 11
744 1208 11
773 1796 11
775 2068 11
786 1867 11
801 2268 11
840 954 11
855 1416 11
860 1331 11
876 2182 11
881 1772 11
916 2099 11
937 2156 11
969 1032 11
988 1797 11
1000 2443 11
1023 1956 11
1101 1233 11
1101 1430 11
1126 1403 11
1135 1919 11
1137 1441 11
1139 1830 11
1159 1477 11
1180 1912 11
1210 1937 11
1227 1773 11
1237 1504 11
1248 2459 11
1257 2263 11
1283 1345 11
1297 1947 11
1316 2101 11
1392 2268 11
1405 2163 11
1425 1676 11
1462 1467 11
1491 1778 11
1504 1653 11
1511 1949 11
1522 1537 11
1624 1789 11
1899 2329 11
1904 2408 11
1924 2462 11
1977 2305 11
2004 2170 11
2069 2498 11
2169 2271 11
2357 2449 11
8 52 12
15 1920 12
26 1892 12
55 2493 12
57 2298 12
92 1588 12
104 1392 12
130 1052 12
172 328 12
193 899 12
193 2374 12
202 1824 12
233 806 12
236 344 12
238 455 12
251 1522 12
259 1616 12
266 1518 12
279 320 12
282 2326 12
287 1193 12
307 2258 12
319 1031 12
348 1773 12
359 845 12
360 611 12
406 894 12
418 2392 12
442 2344 12
442 2423 12
468 1437 12
492 2024 12
521 2072 12
537 2412 12
545 1452 12
588 2060 12
616 1162 12
627 1691 12
654 1698 12
691 1612 12
697 1275 12
718 1452 12
752 1709 12
768 1300 12
796 1557 12
814 932 12
867 2055 12
876 2326 12
943 1620 12
947 1874 12
966 1833 12
988 1767 12
995 1952 12
1040 1572 12
1097 1108 12
1098 1425 12
1138 1604 12
1152 1898 12
1209 2221 12
1210 2200 12
1235 1430 12
1263 2412 12
1277 1633 12
1286 2091 12
1340 2057 12
1436 1925 12
1450 2075 12
1482 2229 12
1505 2269 12
1548 2025 12
1554 2259 12
1556 2316 12
1575 2416 12
1601 2473 12
1605 1944 12
1608 1941 12
1615 2052 12
1618 1922 12
1626 2455 12
1641 2223 12
1658 2353 12
1705 1793 12
1711 2063 12
1715 2373 12
1738 2316 12
1774 2432 12
1793 1956 12
1798 1956 12
2106 2124 12
2258 2441 12
7 1648 13
52 828 13
67 2283 13
76 994 13
77 2312 13
89 1584 13
107 498 13
137 2006 13
141 633 13
167 1032 13
197 692 13
232 1323 13
249 2113 13
282 1301 13
298 1849 13
301 700 13
313 1605 13
341 958 13
362 1305 13
388 1198 13
402 2332 13
405 1193 13
410 420 13
413 906 13
470 1852 13
473 846 13
477 1559 13
483 2468 13
487 739 13
490 2072 13
491 1762 13
491 2135 13
508 1348 13
528 1566 13
533 1842 13
549 1582 13
586 2309 13
589 609 13
616 837 13
633 1923 13
638 1737 13
655 1295 13
692 895 13
703 1369 13
711 2216 13
740 2269 13
766 937 13
800 1193 13
813 974 13
835 2359 13
885 2077 13
916 1283 13
932 2135 13
937 1991 13
954 2078 13
983 1559 13
1041 2319 13
1059 1284 13
1060 2393 13
1089 1403 13
1103 2014 13
1110 2079 13
1170 1717 13
1192 2116 13
1215 2497 13
1253 2067 13
1270 1614 13
1287 2198 13
1335 2201 13
1341 2449 13
1344 2030 13
1349 1768 13
1380 1532 13
1390 1443 13
1415 2193 13
1440 2260 13
1450 1941 13
1468 1852 13
1502 2314 13
1579 1617 13
1587 1779 13
1609 2152 13
1634 2145 13
1650 2050 13
1655 1901 13
1658 1781 13
1661 1896 13
1717 2427 13
1754 2441 13
1785 2095 13
1803 2145 13
1916 2069 13
1938 2439 13
1952 2385 13
2057 2301 13
2181 2229 13
2224 2499 13
14 1414 14
18 2010 14
62 1066 14
103 2204 14
140 856 14
162 2063 14
170 1673 14
195 2055 14
228 1062 14
267 644 14
302 1054 14
314 1231 14
319 1986 14
322 1036 14
326 2098 14
347 900 14
349 2285 14
361 1247 14
363 917 14
399 550 14
406 1444 14
428 643 14
435 916 14
447 1507 14
452 1054 14
452 2032 14
463 1562 14
465 2154 14
477 1860 14
488 593 14
510 1727 14
518 1275 14
526 1833 14
553 2402 14
556 679 14
585 1880 14
598 1820 14
628 1567 14
645 1259 14
671 885 14
693 2329 14
698 964 14
703 2047 14
705 983 14
717 2401 14
732 913 14
788 865 14
805 1958 14
818 1153 14
818 1651 14
834 1539 14
848 2152 14
856 2167 14
860 1309 14
878 1903 14
888 1871 14
903 2289 14
906 1219 14
916 1914 14
948 1390 14
951 1253 14
961 1532 14
970 1360 14
1006 2266 14
1008 1974 14
1020 2163 14
1037 1848 14
1049 1971 14
1061 1904 14
1062 1689 14
1088 2397 14
1147 1493 14
1156 2422 14
1158 1873 14
1177 1491 14
1181 1533 14
1192 2259 14
1225 1387 14
1232 1461 14
1236 1273 14
1301 1454 14
1323 2218 14
1372 1473 14
1455 2341 14
1481 1906 14
1526 2353 14
1589 1765 14
1641 1981 14
1654 1692 14
1747 1995 14
1777 2022 14
1922 2245 14
1930 2146 14
2141 2396 14
2234 2293 14
6 1166 15
23 1893 15
36 1315 15
42 350 15
68 606 15
92 2151 15
97 2353 15
114 1380 15
115 373 15
133 1367 15
135 1882 15
153 488 15
197 865 15
204 229 15
217 905 15
217 2386 15
278 2187 15
286 1939 15
307 1776 15
323 331 15
331 2013 15
342 1896 15
358 850 15
359 2117 15
366 1841 15
386 1243 15
389 1683 15
439 2008 15
461 2484 15
466 2148 15
472 1500 15
479 1516 15
495 801 15
503 554 15
506 1168 15
510 560 15
530 1020 15
567 901 15
572 1054 15
648 1283 15
653 801 15
655 1587 15
665 2380 15
681 1761 15
689 959 15
689 2320 15
694 848 15
710 1237 15
740 792 15
752 990 15
771 1943 15
794 1391 15
795 2138 15
824 1971 15
827 1361 15
842 1609 15
846 2159 15
852 1474 15
857 2262 15
903 1887 15
907 1640 15
929 1796 15
933 949 15
936 1515 15
971 1816 15
979 1983 15
987 2098 15
989 2451 15
1064 1866 15
1100 2005 15
1177 2378 15
1178 1856 15
1192 2005 15
1199 2071 15
1268 2402 15
1280 1330 15
1303 2390 15
1304 1432 15
1321 2296 15
1365 1749 15
1371 1663 15
1379 1609 15
1386 1898 15
1443 1896 15
1489 1975 15
1517 2081 15
1589 2238 15
1625 2297 15
1642 1655 15
1651 2218 15
1730 1800 15
1744 2335 15
1747 2160 15
1807 2159 15
1851 2077 15
1853 2365 15
1873 1974 15
1911 2362 15
1999 2015 15
2052 2160 15
2075 2097 15
2136 2297 15
2174 2373 15
2 1563 16
12 736 16
44 741 16
44 1014 16
65 1312 16
83 576 16
99 1579 16
113 1873 16
116 1384 16
116 2361 16
129 1380 16
141 2388 16
168 1721 16
174 297 16
175 333 16
180 2063 16
181 1307 16
196 369 16
196 887 16
196 1792 16
228 1113 16
228 1766 16
229 1825 16
242 1923 16
253 703 16
259 1687 16
259 2185 16
272 1226 16
272 2056 16
276 2141 16
279 1687 16
284 2007 16
293 1093 16
299 553 16
300 1016 16
317 778 16
317 2349 16
338 2228 16
386 1458 16
393 779 16
412 445 16
454 1804 16
467 490 16
475 670 16
510 991 16
514 589 16
533 1272 16
538 1981 16
550 2310 16
576 921 16
577 1937 16
600 656 16
605 673 16
619 2152 16
626 1025 16
656 2167 16
659 1487 16
700 2229 16
707 1937 16
711 1766 16
711 2230 16
722 744 16
740 1494 16
745 1601 16
784 1900 16
805 1364 16
808 836 16
827 1083 16
834 2432 16
837 1077 16
844 1256 16
865 2480 16
879 2429 16
882 1949 16
886 2423 16
901 1651 16
937 1660 16
953 1199 16
957 1861 16
966 1560 16
978 2289 16
994 1688 16
1006 2268 16
1043 1602 16
1106 1665 16
1144 1364 16
1299 2079 16
1305 2058 16
1333 1980 16
1339 1785 16
1403 1426 16
1407 2443 16
1426 2429 16
1437 1637 16
1541 2228 16
1551 1621 16
1618 1893 16
1632 1684 16
1664 2449 16
1770 2292 16
1822 2019 16
2111 2141 16
2346 2424 16
14 2496 17
35 1263 17
48 1415 17
49 930 17
89 472 17
131 1019 17
165 2392 17
182 925 17
189 1162 17
226 1592 17
247 2239 17
258 2079 17
273 1271 17
304 1071 17
326 1387 17
338 2013 17
349 448 17
392 2316 17
409 503 17
417 885 17
468 479 17
471 1880 17
486 1343 17
503 2003 17
519 652 17
534 1885 17
642 1396 17
703 1992 17
713 2387 17
726 1743 17
821 1448 17
845 2492 17
857 1844 17
907 994 17
927 2175 17
940 2204 17
950 1036 17
954 1568 17
984 1061 17
989 1812 17
1031 1737 17
1036 1545 17
1072 1417 17
1083 2315 17
1091 1915 17
1093 1205 17
1169 1514 17
1190 1349 17
1317 2270 17
1373 2140 17
1408 1697 17
1434 2392 17
1531 2134 17
1577 2012 17
1583 1867 17
1614 2131 17
1686 1846 17
1712 2166 17
1760 2059 17
1832 2223 17
1892 2436 17
1988 2034 17
2043 2404 17
2053 2114 17
2074 2171 17
4 1899 18
10 558 18
18 1407 18
29 87 18
64 2053 18
76 185 18
76 971 18
93 324 18
122 2236 18
131 2146 18
139 723 18
145 1443 18
150 1360 18
233 1168 18
256 1118 18
256 1450 18
258 1363 18
270 521 18
294 1290 18
351 1644 18
352 1216 18
363 2355 18
409 1718 18
446 937 18
470 1357 18
531 1145 18
532 2072 18
540 1960 18
581 600 18
643 1364 18
686 1771 18
721 2027 18
734 846 18
759 1377 18
801 1736 18
890 1148 18
1038 1823 18
1042 2496 18
1055 2171 18
1070 2115 18
1150 2494 18
1177 1704 18
1249 2065 18
1262 1359 18
1269 1937 18
1352 2247 18
1393 1839 18
1406 1887 18
1411 2087 18
1523 2397 18
1535 1610 18
1560 2479 18
1652 1821 18
1674 2308 18
1692 2442 18
1917 2346 18
2051 2354 18
2231 2251 18
2415 2441 18
1 280 19
29 602 19
39 845 19
53 753 19
89 694 19
147 635 19
196 1251 19
198 2227 19
218 1316 19
272 643 19
290 1239 19
310 2117 19
333 2147 19
342 1722 19
348 2358 19
382 1234 19
387 1388 19
387 1576 19
399 2478 19
408 1543 19
413 2247 19
433 1907 19
440 1072 19
440 2249 19
442 2034 19
471 613 19
486 1409 19
488 803 19
497 2022 19
516 1110 19
560 2018 19
562 798 19
564 1298 19
569 945 19
574 578 19
590 879 19
600 657 19
615 1944 19
634 2414 19
656 1436 19
662 2032 19
673 2191 19
689 2336 19
758 2377 19
764 2303 19
787 1138 19
799 874 19
818 2252 19
827 1187 19
839 1924 19
863 2098 19
982 2368 19
984 1845 19
998 1068 19
1004 1486 19
1015 1437 19
1026 1229 19
1070 1634 19
1089 2236 19
1097 1531 19
1102 1751 19
1123 1998 19
1136 1445 19
1218 2355 19
1223 2089 19
1243 2251 19
1253 2354 19
1300 2026 19
1596 1758 19
1676 2493 19
1834 2060 19
1840 2309 19
2172 2422 19
2201 2333 19
2267 2291 19
31 579 20
46 2196 20
90 1434 20
115 1301 20
161 582 20
196 1009 20
199 2367 20
213 1014 20
239 2092 20
275 1628 20
281 1338 20
345 1143 20
352 2321 20
396 2445 20
404 2374 20
416 2256 20
417 713 20
555 1348 20
555 1464 20
618 904 20
644 2115 20
694 1262 20
765 1124 20
777 1589 20
812 2482 20
871 1785 20
877 1724 20
896 2118 20
903 1810 20
914 2423 20
948 1072 20
1007 1717 20
1181 1891 20
1241 2339 20
1250 1880 20
1258 1806 20
1276 2130 20
1340 1342 20
1408 2357 20
1412 1983 20
1423 2020 20
1451 1744 20
1464 2150 20
1471 2339 20
1495 2457 20
1769 2382 20
1819 2037 20
1945 2111 20
1948 2178 20
2026 2437 20
2085 2445 20
35 1524 21
81 2491 21
134 689 21
154 1412 21
185 1466 21
252 681 21
276 1082 21
283 1675 21
288 1501 21
340 934 21
436 939 21
460 1098 21
469 1870 21
478 1707 21
502 2012 21
506 1459 21
524 1595 21
553 1059 21
570 1005 21
576 1729 21
595 1820 21
631 2468 21
656 2137 21
669 2156 21
688 1360 21
710 1487 21
718 1245 21
766 2291 21
811 1721 21
839 2252 21
876 1011 21
888 1547 21
910 1587 21
921 2456 21
931 1755 21
999 1650 21
1030 2385 21
1087 2249 21
1102 1490 21
1116 2091 21
1136 1769 21
1161 1412 21
1175 1667 21
1222 1322 21
1341 2458 21
1494 1501 21
1537 2176 21
1555 2161 21
1557 2402 21
1679 1984 21
1701 1947 21
1881 2440 21
1992 2430 21
2008 2484 21
11 752 22
16 2367 22
30 453 22
45 2298 22
45 2299 22
52 261 22
52 355 22
53 138 22
53 769 22
54 1420 22
110 292 22
128 1492 22
143 2307 22
189 1057 22
220 1702 22
222 1628 22
227 1575 22
247 254 22
248 696 22
255 1905 22
259 344 22
280 902 22
308 2331 22
337 716 22
348 2434 22
391 2270 22
427 2068 22
476 983 22
550 2002 22
575 730 22
612 1290 22
624 1721 22
644 2489 22
701 1515 22
708 2220 22
709 1808 22
715 2497 22
770 1985 22
919 1570 22
1067 1931 22
1103 1274 22
1132 2329 22
1146 2110 22
1155 2456 22
1284 1656 22
1342 2148 22
1450 1817 22
1547 2321 22
1564 1639 22
1601 2243 22
1703 2103 22
1786 2209 22
1903 1954 22
2009 2389 22
13 439 23
95 794 23
107 1553 23
111 986 23
166 677 23
185 2175 23
346 2215 23
360 1549 23
380 923 23
397 1209 23
424 2267 23
445 1017 23
478 1069 23
480 2275 23
610 947 23
638 1394 23
651 1210 23
659 925 23
661 911 23
674 2219 23
712 1154 23
730 896 23
790 2076 23
795 1734 23
816 1466 23
881 1596 23
943 2184 23
948 2365 23
1085 1480 23
1088 1323 23
1166 2207 23
1194 1435 23
1218 2128 23
1246 2083 23
1293 1761 23
1306 2027 23
1325 1562 23
1350 1450 23
1350 2464 23
1357 2308 23
1441 2175 23
1513 1598 23
1685 2305 23
1957 2270 23
1959 2463 23
2135 2338 23
2152 2240 23
2 64 24
23 1954 24
54 1856 24
68 1642 24
119 2347 24
162 1705 24
224 2210 24
237 2157 24
262 459 24
280 2186 24
300 524 24
334 1742 24
361 1607 24
371 2281 24
433 1267 24
439 1696 24
442 1139 24
533 1891 24
540 1184 24
578 2195 24
602 875 24
686 1838 24
692 1035 24
715 1778 24
795 1645 24
802 1639 24
825 2119 24
847 1503 24
858 945 24
918 2418 24
1001 2120 24
1039 1780 24
1066 1662 24
1153 1994 24
1165 1489 24
1258 1886 24
1384 1518 24
1440 1893 24
1466 1813 24
1569 1791 24
1671 2144 24
1759 2285 24
1766 2317 24
1888 1890 24
1901 2038 24
82 463 25
100 1744 25
108 1292 25
194 2434 25
207 2309 25
385 2019 25
401 2383 25
543 1731 25
579 1419 25
583 2021 25
584 2476 25
696 926 25
820 2094 25
965 1288 25
977 1543 25
1112 1493 25
1329 1968 25
1383 1422 25
1407 2029 25
1519 1582 25
1558 2343 25
1561 1978 25
1596 1929 25
1703 1748 25
1870 1998 25
1957 2048 25
2045 2196 25
2236 2345 25
25 1830 26
30 2410 26
65 1165 26
156 1104 26
175 2155 26
216 848 26
237 1457 26
277 507 26
306 1876 26
313 1918 26
350 2389 26
364 823 26
367 1765 26
403 620 26
434 1611 26
437 1762 26
515 546 26
547 2157 26
553 2351 26
640 871 26
643 2233 26
733 934 26
746 869 26
774 909 26
776 1054 26
932 2274 26
946 1522 26
992 1590 26
1073 1222 26
1089 2306 26
1299 1381 26
1320 2253 26
1390 2100 26
1451 1794 26
1868 2321 26
1989 2019 26
30 2237 27
180 2049 27
265 291 27
303 1131 27
332 628 27
383 1439 27
416 841 27
438 2385 27
441 1979 27
557 2391 27
565 1900 27
714 948 27
763 1674 27
854 1601 27
935 1039 27
949 2376 27
955 1047 27
973 1205 27
1036 1763 27
1183 1244 27
1189 1775 27
1628 1963 27
1677 2448 27
1714 2387 27
1955 2119 27
2056 2108 27
6 332 28
63 479 28
88 2341 28
105 1310 28
112 1734 28
135 1117 28
162 2040 28
245 1944 28
269 925 28
320 1238 28
362 1433 28
385 1328 28
409 1965 28
499 2255 28
599 1675 28
646 1573 28
762 887 28
778 1723 28
804 1190 28
874 1121 28
938 2320 28
946 2448 28
958 1333 28
978 1106 28
1022 1188 28
1095 1859 28
1095 2479 28
1099 1618 28
1116 1234 28
1566 2021 28
1571 2106 28
1627 2265 28
2343 2446 28
2388 2460 28
6 2304 29
37 48 29
39 2093 29
42 893 29
68 206 29
71 899 29
81 2225 29
107 1462 29
151 419 29
230 1610 29
275 1542 29
364 1555 29
393 2199 29
398 559 29
412 564 29
433 962 29
616 1969 29
622 1033 29
639 2375 29
838 2320 29
843 1977 29
891 1063 29
917 2431 29
945 1582 29
961 1228 29
1049 2203 29
1140 2381 29
1399 1757 29
1409 2318 29
1421 2179 29
1430 2474 29
1470 2429 29
1510 1906 29
1525 1687 29
1740 2326 29
2070 2485 29
2123 2457 29
86 1791 30
110 2283 30
166 426 30
190 1044 30
227 731 30
237 757 30
336 2214 30
441 1688 30
482 936 30
552 1440 30
582 851 30
719 960 30
727 1289 30
1161 2348 30
1167 1359 30
1347 1418 30
1361 2471 30
1731 2314 30
1893 2294 30
108 2210 31
155 1519 31
188 1474 31
203 773 31
556 1795 31
575 1509 31
700 739 31
826 1632 31
1037 1863 31
1174 1861 31
1353 2176 31
1584 2446 31
2035 2488 31
20 1874 32
137 1119 32
187 723 32
220 1269 32
222 329 32
400 1992 32
439 1043 32
440 1002 32
579 915 32
608 2479 32
645 762 32
780 1397 32
861 2101 32
967 2247 32
980 2000 32
980 2325 32
1131 2014 32
1355 1408 32
1578 2263 32
1725 1997 32
2416 2463 32
176 1668 33
179 2240 33
313 353 33
375 2389 33
384 2060 33
473 729 33
504 1973 33
729 1644 33
732 1594 33
751 2015 33
851 1488 33
872 2280 33
1052 2435 33
1162 1404 33
1163 1986 33
1183 1571 33
1304 1319 33
1335 2277 33
1479 1816 33
1552 1942 33
1672 2040 33
1868 2084 33
1890 2469 33
1966 2080 33
2126 2490 33
4 755 34
114 2411 34
170 1308 34
184 940 34
385 1906 34
548 2143 34
576 923 34
655 2406 34
687 1851 34
969 1573 34
981 2411 34
994 2280 34
1260 1760 34
1326 2122 34
1334 2301 34
1444 1508 34
1476 1690 34
1528 1696 34
1678 2425 34
304 1527 35
377 1746 35
927 2467 35
1289 2253 35
1506 1964 35
1953 2358 35
3 2112 36
56 1038 36
223 1478 36
510 1966 36
670 1858 36
750 2214 36
942 1484 36
955 1289 36
1003 2107 36
1122 1252 36
1195 1299 36
1230 2231 36
1686 2477 36
1784 1868 36
80 1431 37
235 518 37
743 1220 37
927 1189 37
963 2059 37
989 2295 37
1107 1946 37
1120 2438 37
1222 1402 37
1227 1928 37
1501 2139 37
2413 2440 37
19 860 38
19 2324 38
61 2386 38
201 626 38
541 635 38
735 1820 38
761 777 38
1257 1461 38
1368 1447 38
1597 2021 38
1603 2235 38
311 374 39
496 1879 39
501 1688 39
736 1171 39
1072 1671 39
1142 1155 39
1326 2189 39
1819 2364 39
260 1612 40
390 459 40
562 1151 40
715 1756 40
890 1606 40
1354 2446 40
1851 1996 40
1909 2130 40
96 587 41
289 622 41
536 1277 41
1224 1339 41
1600 2327 41
1850 2263 41
1865 2091 41
21 1840 42
86 1635 42
505 2329 42
612 2001 42
664 1909 42
920 1068 42
1051 1520 42
1290 2212 42
1729 2217 42
1753 2385 42
2214 2261 42
91 1485 43
93 523 43
171 854 43
321 1691 43
371 1927 43
394 906 43
592 1732 43
676 1643 43
747 1764 43
1207 2073 43
1460 2068 43
125 1976 44
509 1839 44
885 2016 44
1875 1982 44
177 1944 45
264 2166 45
544 1200 45
667 980 45
699 1815 45
1182 2093 45
1260 1720 45
1436 1682 45
1442 1846 45
436 897 46
439 1855 46
1313 2061 46
1486 1799 46
1814 2213 46
123 2177 47
472 695 47
774 1124 47
1448 1902 47
1622 1806 47
1719 2194 47
2212 2215 47
2273 2436 47
22 1176 48
132 1804 48
151 1668 48
327 1670 48
522 1808 48
831 1076 48
2017 2365 48
200 2286 49
464 1094 49
912 2132 49
941 2009 49
1787 2125 49
33 60 50
464 2041 50
837 1081 50
1609 2133 50
204 1376 51
357 629 51
418 2428 51
1600 1638 51
1080 1903 52
38 1975 53
208 1338 53
660 1294 53
1496 1565 53
590 2466 54
331 636 55
481 638 56
658 1163 56
118 466 57
270 1521 57
987 1128 57
1819 1908 57
738 1048 58
185 1115 59
318 1667 60
263 712 61
175 1483 65
513 1336 65
1782 2340 65
1950 1987 67
1057 1646 70
1105 1492 70
1878 2414 70
2046 2444 70
678 2451 73
225 2139 75
2472 2496 81
881 944 82
778 884 105
